	1
     211
       1     -1.00000000      0.00000000      0.00000000
       2     -0.98768500     -0.15645400      0.00000000
       3     -0.95104800     -0.30904200      0.00000000
       4     -0.89100000     -0.45400300      0.00000000
       5     -0.80901900     -0.58778200      0.00000000
       6     -0.70711500     -0.70709900      0.00000000
       7     -0.58779700     -0.80900800      0.00000000
       8     -0.45401900     -0.89099200      0.00000000
       9     -0.30906500     -0.95104100      0.00000000
      10     -0.15647700     -0.98768200      0.00000000
      11     -0.00001900     -1.00000000      0.00000000
      12      0.15643300     -0.98768900      0.00000000
      13      0.30902200     -0.95105500      0.00000000
      14      0.45398000     -0.89101200      0.00000000
      15      0.58776300     -0.80903300      0.00000000
      16      0.70708300     -0.70713000      0.00000000
      17      0.80899500     -0.58781600      0.00000000
      18      0.89098200     -0.45403900      0.00000000
      19      0.95103500     -0.30908500      0.00000000
      20      0.98767800     -0.15649800      0.00000000
      21      1.00000000      0.00000000      0.00000000
      22     -0.98769100      0.00000000     -0.15641800
      23     -0.97709900     -0.14177800     -0.15861700
      24     -0.94504800     -0.28374500     -0.16229400
      25     -0.89082600     -0.42216600     -0.16766800
      26     -0.81457800     -0.55308900     -0.17452900
      27     -0.71721200     -0.67249900     -0.18224000
      28     -0.60052800     -0.77658700     -0.18996000
      29     -0.46705900     -0.86190300     -0.19681800
      30     -0.31994300     -0.92544300     -0.20206900
      31     -0.16291400     -0.96489800     -0.20531300
      32     -0.00018600     -0.97839500     -0.20632600
      33      0.16287000     -0.96490500     -0.20531300
      34      0.31990000     -0.92545800     -0.20207000
      35      0.46702000     -0.86192400     -0.19682000
      36      0.60049400     -0.77661300     -0.18996200
      37      0.71718200     -0.67253100     -0.18224200
      38      0.81455500     -0.55312300     -0.17453100
      39      0.89081000     -0.42220000     -0.16767000
      40      0.94503600     -0.28378500     -0.16229500
      41      0.97709300     -0.14181800     -0.15861800
      42      0.98769100      0.00000000     -0.15641800
      43     -0.95107100      0.00000000     -0.30897200
      44     -0.94037500     -0.12781000     -0.31512400
      45     -0.91036400     -0.25811700     -0.32335700
      46     -0.85954900     -0.38696300     -0.33363400
      47     -0.78762400     -0.51013700     -0.34545100
      48     -0.69514600     -0.62338300     -0.35783600
      49     -0.58371900     -0.72287300     -0.36977000
      50     -0.45547700     -0.80495600     -0.38009600
      51     -0.31329300     -0.86669500     -0.38803500
      52     -0.16046400     -0.90540900     -0.39294200
      53     -0.00094300     -0.91887700     -0.39445600
      54      0.16042000     -0.90541600     -0.39294300
      55      0.31325100     -0.86670900     -0.38803600
      56      0.45543900     -0.80497600     -0.38009900
      57      0.58368500     -0.72289600     -0.36977100
      58      0.69511700     -0.62341300     -0.35783900
      59      0.78760200     -0.51016900     -0.34545400
      60      0.85953300     -0.38699500     -0.33363700
      61      0.91035200     -0.25815400     -0.32335900
      62      0.94036900     -0.12784600     -0.31512600
      63      0.95107100      0.00000000     -0.30897200
      64     -0.89105100      0.00000000     -0.45390400
      65     -0.87858000     -0.11376300     -0.46379100
      66     -0.84884600     -0.23069600     -0.47556600
      67     -0.80033400     -0.34682900     -0.48891900
      68     -0.73270200     -0.45806500     -0.50319400
      69     -0.64651500     -0.56047900     -0.51747200
      70     -0.54313500     -0.65054500     -0.53079900
      71     -0.42445100     -0.72511000     -0.54224300
      72     -0.29279400     -0.78142200     -0.55103600
      73     -0.15090300     -0.81699300     -0.55655000
      74     -0.00210300     -0.82961400     -0.55833000
      75      0.15086300     -0.81699900     -0.55655100
      76      0.29275500     -0.78143600     -0.55103800
      77      0.42441600     -0.72512800     -0.54224600
      78      0.54310500     -0.65056800     -0.53080300
      79      0.64648800     -0.56050600     -0.51747600
      80      0.73268100     -0.45809300     -0.50319800
      81      0.80031900     -0.34685800     -0.48892200
      82      0.84883500     -0.23072900     -0.47557000
      83      0.87857400     -0.11379500     -0.46379400
      84      0.89105100      0.00000000     -0.45390400
      85     -0.80910700      0.00000000     -0.58766200
      86     -0.79401800     -0.09905600     -0.59964600
      87     -0.76406500     -0.20083300     -0.61297800
      88     -0.71801400     -0.30170800     -0.62718700
      89     -0.65560000     -0.39803800     -0.64160200
      90     -0.57743700     -0.48654000     -0.65555400
      91     -0.48466200     -0.56425500     -0.66831300
      92     -0.37883300     -0.62859300     -0.67920000
      93     -0.26179500     -0.67724400     -0.68759700
      94     -0.13570100     -0.70809300     -0.69295200
      95     -0.00316000     -0.71920400     -0.69478800
      96      0.13566400     -0.70809900     -0.69295300
      97      0.26176100     -0.67725500     -0.68759900
      98      0.37880200     -0.62860900     -0.67920200
      99      0.48463500     -0.56427500     -0.66831600
     100      0.57741300     -0.48656400     -0.65555800
     101      0.65558100     -0.39806300     -0.64160600
     102      0.71800000     -0.30173300     -0.62719100
     103      0.76405500     -0.20086200     -0.61298200
     104      0.79401200     -0.09908500     -0.59965000
     105      0.80910700      0.00000000     -0.58766200
     106     -0.70725300      0.00000000     -0.70696100
     107     -0.69001000     -0.08350500     -0.71888400
     108     -0.66047500     -0.16868900     -0.73152400
     109     -0.61788100     -0.25259300     -0.74447600
     110     -0.56213300     -0.33232900     -0.75723000
     111     -0.49375800     -0.40531700     -0.76933000
     112     -0.41363100     -0.46917900     -0.78021100
     113     -0.32300500     -0.52190700     -0.78944100
     114     -0.22332000     -0.56171200     -0.79659000
     115     -0.11621100     -0.58693600     -0.80121200
     116     -0.00364200     -0.59607000     -0.80288600
     117      0.11618100     -0.58694000     -0.80121300
     118      0.22329000     -0.56172100     -0.79659200
     119      0.32297900     -0.52192000     -0.78944300
     120      0.41360800     -0.46919500     -0.78021300
     121      0.49373700     -0.40533700     -0.76933400
     122      0.56211600     -0.33234900     -0.75723300
     123      0.61786800     -0.25261400     -0.74448000
     124      0.66046500     -0.16871300     -0.73152800
     125      0.69000300     -0.08352900     -0.71888800
     126      0.70725300      0.00000000     -0.70696100
     127     -0.58797700      0.00000000     -0.80887700
     128     -0.57010300     -0.06719500     -0.81872100
     129     -0.54266800     -0.13503600     -0.82894600
     130     -0.50520300     -0.20130200     -0.83917700
     131     -0.45768600     -0.26382300     -0.84898300
     132     -0.40061500     -0.32076000     -0.85818100
     133     -0.33467600     -0.37036900     -0.86640500
     134     -0.26081800     -0.41116700     -0.87338500
     135     -0.18011900     -0.44181500     -0.87879200
     136     -0.09381000     -0.46113700     -0.88232000
     137     -0.00331600     -0.46808900     -0.88364800
     138      0.09378600     -0.46114100     -0.88232000
     139      0.18009500     -0.44182200     -0.87879300
     140      0.26079600     -0.41117700     -0.87338700
     141      0.33465700     -0.37038100     -0.86640800
     142      0.40059800     -0.32077500     -0.85818300
     143      0.45767200     -0.26383900     -0.84898500
     144      0.50519400     -0.20132100     -0.83918300
     145      0.54265900     -0.13505500     -0.82894800
     146      0.57009700     -0.06721400     -0.81872300
     147      0.58797700      0.00000000     -0.80887700
     148     -0.45425000      0.00000000     -0.89087400
     149     -0.43803200     -0.05049500     -0.89748200
     150     -0.41477700     -0.10084600     -0.90422700
     151     -0.38431000     -0.14957500     -0.91091700
     152     -0.34672200     -0.19525700     -0.91733200
     153     -0.30235800     -0.23660600     -0.92330800
     154     -0.25174700     -0.27243500     -0.92863500
     155     -0.19557700     -0.30169400     -0.93310300
     156     -0.13466300     -0.32350400     -0.93654400
     157     -0.06990500     -0.33712900     -0.93879600
     158     -0.00229900     -0.34194000     -0.93965400
     159      0.06988600     -0.33713200     -0.93879600
     160      0.13464500     -0.32350900     -0.93654500
     161      0.19556100     -0.30170200     -0.93310600
     162      0.25173200     -0.27244400     -0.92863700
     163      0.30234400     -0.23661700     -0.92331000
     164      0.34671100     -0.19526900     -0.91733400
     165      0.38430200     -0.14958700     -0.91091900
     166      0.41476900     -0.10086000     -0.90422900
     167      0.43802700     -0.05050900     -0.89748400
     168      0.45425000      0.00000000     -0.89087400
     169     -0.30934700      0.00000000     -0.95094900
     170     -0.29712000     -0.03373000     -0.95420300
     171     -0.28024600     -0.06700200     -0.95755600
     172     -0.25867800     -0.09892300     -0.96088800
     173     -0.23251600     -0.12861500     -0.96402700
     174     -0.20203300     -0.15531000     -0.96694300
     175     -0.16760900     -0.17829400     -0.96954200
     176     -0.12972500     -0.19694500     -0.97173500
     177     -0.08892900     -0.21074000     -0.97342500
     178     -0.04582300     -0.21926100     -0.97452500
     179     -0.00105500     -0.22219700     -0.97493800
     180      0.04581100     -0.21926300     -0.97452500
     181      0.08891700     -0.21074300     -0.97342600
     182      0.12971400     -0.19695000     -0.97173600
     183      0.16760000     -0.17830000     -0.96954200
     184      0.20202400     -0.15531700     -0.96694300
     185      0.23250800     -0.12862200     -0.96402800
     186      0.25867200     -0.09893100     -0.96088900
     187      0.28024000     -0.06701200     -0.95755700
     188      0.29711600     -0.03374000     -0.95420400
     189      0.30934700      0.00000000     -0.95094900
     190     -0.15680700      0.00000000     -0.98762900
     191     -0.15034900     -0.01702400     -0.98846200
     192     -0.14152300     -0.03368100     -0.98933600
     193     -0.13033500     -0.04954200     -0.99017200
     194     -0.11687800     -0.06422300     -0.99101600
     195     -0.10129200     -0.07734400     -0.99177400
     196     -0.08379000     -0.08857800     -0.99245300
     197     -0.06463000     -0.09764200     -0.99304000
     198     -0.04409700     -0.10429500     -0.99347100
     199     -0.02250800     -0.10836800     -0.99375400
     200     -0.00019300     -0.10974500     -0.99385600
     201      0.02250500     -0.10838400     -0.99380900
     202      0.04409300     -0.10430300     -0.99349900
     203      0.06462400     -0.09764400     -0.99303900
     204      0.08378500     -0.08858100     -0.99245500
     205      0.10128700     -0.07734500     -0.99176700
     206      0.11687200     -0.06422400     -0.99100400
     207      0.13033200     -0.04954500     -0.99017200
     208      0.14151700     -0.03368100     -0.98931300
     209      0.15034500     -0.01702700     -0.98845100
     210      0.15680700      0.00000000     -0.98762900
     211      0.00035300      0.00000000     -1.00000000
     200
       2        1       22       23
       3        2       23       24
       4        3       24       25
       5        4       25       26
       6        5       26       27
       7        6       27       28
       8        7       28       29
       9        8       29       30
      10        9       30       31
      11       10       31       32
      12       11       32       33
      13       12       33       34
      14       13       34       35
      15       14       35       36
      16       15       36       37
      17       16       37       38
      18       17       38       39
      19       18       39       40
      20       19       40       41
      21       20       41       42
      23       22       43       44
      24       23       44       45
      25       24       45       46
      26       25       46       47
      27       26       47       48
      28       27       48       49
      29       28       49       50
      30       29       50       51
      31       30       51       52
      32       31       52       53
      33       32       53       54
      34       33       54       55
      35       34       55       56
      36       35       56       57
      37       36       57       58
      38       37       58       59
      39       38       59       60
      40       39       60       61
      41       40       61       62
      42       41       62       63
      44       43       64       65
      45       44       65       66
      46       45       66       67
      47       46       67       68
      48       47       68       69
      49       48       69       70
      50       49       70       71
      51       50       71       72
      52       51       72       73
      53       52       73       74
      54       53       74       75
      55       54       75       76
      56       55       76       77
      57       56       77       78
      58       57       78       79
      59       58       79       80
      60       59       80       81
      61       60       81       82
      62       61       82       83
      63       62       83       84
      65       64       85       86
      66       65       86       87
      67       66       87       88
      68       67       88       89
      69       68       89       90
      70       69       90       91
      71       70       91       92
      72       71       92       93
      73       72       93       94
      74       73       94       95
      75       74       95       96
      76       75       96       97
      77       76       97       98
      78       77       98       99
      79       78       99      100
      80       79      100      101
      81       80      101      102
      82       81      102      103
      83       82      103      104
      84       83      104      105
      86       85      106      107
      87       86      107      108
      88       87      108      109
      89       88      109      110
      90       89      110      111
      91       90      111      112
      92       91      112      113
      93       92      113      114
      94       93      114      115
      95       94      115      116
      96       95      116      117
      97       96      117      118
      98       97      118      119
      99       98      119      120
     100       99      120      121
     101      100      121      122
     102      101      122      123
     103      102      123      124
     104      103      124      125
     105      104      125      126
     107      106      127      128
     108      107      128      129
     109      108      129      130
     110      109      130      131
     111      110      131      132
     112      111      132      133
     113      112      133      134
     114      113      134      135
     115      114      135      136
     116      115      136      137
     117      116      137      138
     118      117      138      139
     119      118      139      140
     120      119      140      141
     121      120      141      142
     122      121      142      143
     123      122      143      144
     124      123      144      145
     125      124      145      146
     126      125      146      147
     128      127      148      149
     129      128      149      150
     130      129      150      151
     131      130      151      152
     132      131      152      153
     133      132      153      154
     134      133      154      155
     135      134      155      156
     136      135      156      157
     137      136      157      158
     138      137      158      159
     139      138      159      160
     140      139      160      161
     141      140      161      162
     142      141      162      163
     143      142      163      164
     144      143      164      165
     145      144      165      166
     146      145      166      167
     147      146      167      168
     149      148      169      170
     150      149      170      171
     151      150      171      172
     152      151      172      173
     153      152      173      174
     154      153      174      175
     155      154      175      176
     156      155      176      177
     157      156      177      178
     158      157      178      179
     159      158      179      180
     160      159      180      181
     161      160      181      182
     162      161      182      183
     163      162      183      184
     164      163      184      185
     165      164      185      186
     166      165      186      187
     167      166      187      188
     168      167      188      189
     170      169      190      191
     171      170      191      192
     172      171      192      193
     173      172      193      194
     174      173      194      195
     175      174      195      196
     176      175      196      197
     177      176      197      198
     178      177      198      199
     179      178      199      200
     180      179      200      201
     181      180      201      202
     182      181      202      203
     183      182      203      204
     184      183      204      205
     185      184      205      206
     186      185      206      207
     187      186      207      208
     188      187      208      209
     189      188      209      210
     191      190      211      211
     192      191      211      211
     193      192      211      211
     194      193      211      211
     195      194      211      211
     196      195      211      211
     197      196      211      211
     198      197      211      211
     199      198      211      211
     200      199      211      211
     201      200      211      211
     202      201      211      211
     203      202      211      211
     204      203      211      211
     205      204      211      211
     206      205      211      211
     207      206      211      211
     208      207      211      211
     209      208      211      211
     210      209      211      211
