264
1 1 0 0
2 0.9594929736144974 0.28173255684142967 0
3 0.8412535328311812 0.5406408174555976 0
4 0.6548607339452851 0.7557495743542583 0
5 0.41541501300188644 0.9096319953545183 0
6 0.14231483827328512 0.9898214418809327 0
7 -0.14231483827328523 0.9898214418809327 0
8 -0.41541501300188655 0.9096319953545183 0
9 -0.654860733945285 0.7557495743542583 0
10 -0.8412535328311811 0.5406408174555978 0
11 -0.9594929736144973 0.28173255684143006 0
12 -1 5.66553889764798E-16 0
13 1 0 -0.22727272727272727
14 0.9594929736144974 0.28173255684142967 -0.22727272727272727
15 0.8412535328311812 0.5406408174555976 -0.22727272727272727
16 0.6548607339452851 0.7557495743542583 -0.22727272727272727
17 0.41541501300188644 0.9096319953545183 -0.22727272727272727
18 0.14231483827328512 0.9898214418809327 -0.22727272727272727
19 -0.14231483827328523 0.9898214418809327 -0.22727272727272727
20 -0.41541501300188655 0.9096319953545183 -0.22727272727272727
21 -0.654860733945285 0.7557495743542583 -0.22727272727272727
22 -0.8412535328311811 0.5406408174555978 -0.22727272727272727
23 -0.9594929736144973 0.28173255684143006 -0.22727272727272727
24 -1 5.66553889764798E-16 -0.22727272727272727
25 1 0 -0.45454545454545453
26 0.9594929736144974 0.28173255684142967 -0.45454545454545453
27 0.8412535328311812 0.5406408174555976 -0.45454545454545453
28 0.6548607339452851 0.7557495743542583 -0.45454545454545453
29 0.41541501300188644 0.9096319953545183 -0.45454545454545453
30 0.14231483827328512 0.9898214418809327 -0.45454545454545453
31 -0.14231483827328523 0.9898214418809327 -0.45454545454545453
32 -0.41541501300188655 0.9096319953545183 -0.45454545454545453
33 -0.654860733945285 0.7557495743542583 -0.45454545454545453
34 -0.8412535328311811 0.5406408174555978 -0.45454545454545453
35 -0.9594929736144973 0.28173255684143006 -0.45454545454545453
36 -1 5.66553889764798E-16 -0.45454545454545453
37 1 0 -0.6818181818181818
38 0.9594929736144974 0.28173255684142967 -0.6818181818181818
39 0.8412535328311812 0.5406408174555976 -0.6818181818181818
40 0.6548607339452851 0.7557495743542583 -0.6818181818181818
41 0.41541501300188644 0.9096319953545183 -0.6818181818181818
42 0.14231483827328512 0.9898214418809327 -0.6818181818181818
43 -0.14231483827328523 0.9898214418809327 -0.6818181818181818
44 -0.41541501300188655 0.9096319953545183 -0.6818181818181818
45 -0.654860733945285 0.7557495743542583 -0.6818181818181818
46 -0.8412535328311811 0.5406408174555978 -0.6818181818181818
47 -0.9594929736144973 0.28173255684143006 -0.6818181818181818
48 -1 5.66553889764798E-16 -0.6818181818181818
49 1 0 -0.9090909090909091
50 0.9594929736144974 0.28173255684142967 -0.9090909090909091
51 0.8412535328311812 0.5406408174555976 -0.9090909090909091
52 0.6548607339452851 0.7557495743542583 -0.9090909090909091
53 0.41541501300188644 0.9096319953545183 -0.9090909090909091
54 0.14231483827328512 0.9898214418809327 -0.9090909090909091
55 -0.14231483827328523 0.9898214418809327 -0.9090909090909091
56 -0.41541501300188655 0.9096319953545183 -0.9090909090909091
57 -0.654860733945285 0.7557495743542583 -0.9090909090909091
58 -0.8412535328311811 0.5406408174555978 -0.9090909090909091
59 -0.9594929736144973 0.28173255684143006 -0.9090909090909091
60 -1 5.66553889764798E-16 -0.9090909090909091
61 1 0 -1.1363636363636362
62 0.9594929736144974 0.28173255684142967 -1.1363636363636362
63 0.8412535328311812 0.5406408174555976 -1.1363636363636362
64 0.6548607339452851 0.7557495743542583 -1.1363636363636362
65 0.41541501300188644 0.9096319953545183 -1.1363636363636362
66 0.14231483827328512 0.9898214418809327 -1.1363636363636362
67 -0.14231483827328523 0.9898214418809327 -1.1363636363636362
68 -0.41541501300188655 0.9096319953545183 -1.1363636363636362
69 -0.654860733945285 0.7557495743542583 -1.1363636363636362
70 -0.8412535328311811 0.5406408174555978 -1.1363636363636362
71 -0.9594929736144973 0.28173255684143006 -1.1363636363636362
72 -1 5.66553889764798E-16 -1.1363636363636362
73 1 0 -1.3636363636363635
74 0.9594929736144974 0.28173255684142967 -1.3636363636363635
75 0.8412535328311812 0.5406408174555976 -1.3636363636363635
76 0.6548607339452851 0.7557495743542583 -1.3636363636363635
77 0.41541501300188644 0.9096319953545183 -1.3636363636363635
78 0.14231483827328512 0.9898214418809327 -1.3636363636363635
79 -0.14231483827328523 0.9898214418809327 -1.3636363636363635
80 -0.41541501300188655 0.9096319953545183 -1.3636363636363635
81 -0.654860733945285 0.7557495743542583 -1.3636363636363635
82 -0.8412535328311811 0.5406408174555978 -1.3636363636363635
83 -0.9594929736144973 0.28173255684143006 -1.3636363636363635
84 -1 5.66553889764798E-16 -1.3636363636363635
85 1 0 -1.5909090909090908
86 0.9594929736144974 0.28173255684142967 -1.5909090909090908
87 0.8412535328311812 0.5406408174555976 -1.5909090909090908
88 0.6548607339452851 0.7557495743542583 -1.5909090909090908
89 0.41541501300188644 0.9096319953545183 -1.5909090909090908
90 0.14231483827328512 0.9898214418809327 -1.5909090909090908
91 -0.14231483827328523 0.9898214418809327 -1.5909090909090908
92 -0.41541501300188655 0.9096319953545183 -1.5909090909090908
93 -0.654860733945285 0.7557495743542583 -1.5909090909090908
94 -0.8412535328311811 0.5406408174555978 -1.5909090909090908
95 -0.9594929736144973 0.28173255684143006 -1.5909090909090908
96 -1 5.66553889764798E-16 -1.5909090909090908
97 1 0 -1.8181818181818181
98 0.9594929736144974 0.28173255684142967 -1.8181818181818181
99 0.8412535328311812 0.5406408174555976 -1.8181818181818181
100 0.6548607339452851 0.7557495743542583 -1.8181818181818181
101 0.41541501300188644 0.9096319953545183 -1.8181818181818181
102 0.14231483827328512 0.9898214418809327 -1.8181818181818181
103 -0.14231483827328523 0.9898214418809327 -1.8181818181818181
104 -0.41541501300188655 0.9096319953545183 -1.8181818181818181
105 -0.654860733945285 0.7557495743542583 -1.8181818181818181
106 -0.8412535328311811 0.5406408174555978 -1.8181818181818181
107 -0.9594929736144973 0.28173255684143006 -1.8181818181818181
108 -1 5.66553889764798E-16 -1.8181818181818181
109 1 0 -2.0454545454545454
110 0.9594929736144974 0.28173255684142967 -2.0454545454545454
111 0.8412535328311812 0.5406408174555976 -2.0454545454545454
112 0.6548607339452851 0.7557495743542583 -2.0454545454545454
113 0.41541501300188644 0.9096319953545183 -2.0454545454545454
114 0.14231483827328512 0.9898214418809327 -2.0454545454545454
115 -0.14231483827328523 0.9898214418809327 -2.0454545454545454
116 -0.41541501300188655 0.9096319953545183 -2.0454545454545454
117 -0.654860733945285 0.7557495743542583 -2.0454545454545454
118 -0.8412535328311811 0.5406408174555978 -2.0454545454545454
119 -0.9594929736144973 0.28173255684143006 -2.0454545454545454
120 -1 5.66553889764798E-16 -2.0454545454545454
121 1 0 -2.2727272727272725
122 0.9594929736144974 0.28173255684142967 -2.2727272727272725
123 0.8412535328311812 0.5406408174555976 -2.2727272727272725
124 0.6548607339452851 0.7557495743542583 -2.2727272727272725
125 0.41541501300188644 0.9096319953545183 -2.2727272727272725
126 0.14231483827328512 0.9898214418809327 -2.2727272727272725
127 -0.14231483827328523 0.9898214418809327 -2.2727272727272725
128 -0.41541501300188655 0.9096319953545183 -2.2727272727272725
129 -0.654860733945285 0.7557495743542583 -2.2727272727272725
130 -0.8412535328311811 0.5406408174555978 -2.2727272727272725
131 -0.9594929736144973 0.28173255684143006 -2.2727272727272725
132 -1 5.66553889764798E-16 -2.2727272727272725
133 1 0 -2.4999999999999996
134 0.9594929736144974 0.28173255684142967 -2.4999999999999996
135 0.8412535328311812 0.5406408174555976 -2.4999999999999996
136 0.6548607339452851 0.7557495743542583 -2.4999999999999996
137 0.41541501300188644 0.9096319953545183 -2.4999999999999996
138 0.14231483827328512 0.9898214418809327 -2.4999999999999996
139 -0.14231483827328523 0.9898214418809327 -2.4999999999999996
140 -0.41541501300188655 0.9096319953545183 -2.4999999999999996
141 -0.654860733945285 0.7557495743542583 -2.4999999999999996
142 -0.8412535328311811 0.5406408174555978 -2.4999999999999996
143 -0.9594929736144973 0.28173255684143006 -2.4999999999999996
144 -1 5.66553889764798E-16 -2.4999999999999996
145 0.9090909090909091 0 -2.5
146 0.872266339649543 0.2561205062194815 -2.5
147 0.7647759389374374 0.4914916522323614 -2.5
148 0.5953279399502591 0.6870450675947802 -2.5
149 0.37765001181989677 0.8269381775950166 -2.5
150 0.12937712570298646 0.8998376744372115 -2.5
151 -0.12937712570298657 0.8998376744372115 -2.5
152 -0.3776500118198968 0.8269381775950166 -2.5
153 -0.595327939950259 0.6870450675947802 -2.5
154 -0.7647759389374373 0.4914916522323616 -2.5
155 -0.8722663396495429 0.25612050621948185 -2.5
156 -0.9090909090909091 5.150489906952709E-16 -2.5
157 0.8181818181818181 0 -2.5
158 0.7850397056845887 0.23050845559753336 -2.5
159 0.6882983450436937 0.44234248700912526 -2.5
160 0.5357951459552333 0.6183405608353022 -2.5
161 0.33988501063790705 0.744244359835515 -2.5
162 0.11643941313268781 0.8098539069934904 -2.5
163 -0.11643941313268791 0.8098539069934904 -2.5
164 -0.33988501063790716 0.744244359835515 -2.5
165 -0.5357951459552331 0.6183405608353022 -2.5
166 -0.6882983450436936 0.44234248700912543 -2.5
167 -0.7850397056845886 0.23050845559753366 -2.5
168 -0.8181818181818181 4.635440916257437E-16 -2.5
169 0.7272727272727272 0 -2.5
170 0.6978130717196344 0.2048964049755852 -2.5
171 0.6118207511499499 0.39319332178588906 -2.5
172 0.4762623519602073 0.5496360540758242 -2.5
173 0.3021200094559174 0.6615505420760133 -2.5
174 0.10350170056238917 0.7198701395497691 -2.5
175 -0.10350170056238925 0.7198701395497691 -2.5
176 -0.30212000945591744 0.6615505420760133 -2.5
177 -0.4762623519602072 0.5496360540758242 -2.5
178 -0.6118207511499498 0.3931933217858892 -2.5
179 -0.6978130717196342 0.20489640497558548 -2.5
180 -0.7272727272727272 4.1203919255621663E-16 -2.5
181 0.6363636363636362 0 -2.5
182 0.61058643775468 0.17928435435363702 -2.5
183 0.5353431572562061 0.3440441565626529 -2.5
184 0.41672955796518135 0.4809315473163461 -2.5
185 0.26435500827392766 0.5788567243165116 -2.5
186 0.0905639879920905 0.6298863721060479 -2.5
187 -0.09056398799209057 0.6298863721060479 -2.5
188 -0.26435500827392777 0.5788567243165116 -2.5
189 -0.4167295579651813 0.4809315473163461 -2.5
190 -0.5353431572562061 0.3440441565626531 -2.5
191 -0.6105864377546799 0.17928435435363727 -2.5
192 -0.6363636363636362 3.6053429348668955E-16 -2.5
193 0.5454545454545453 0 -2.5
194 0.5233598037897257 0.15367230373168886 -2.5
195 0.45886556336246237 0.29489499133941677 -2.5
196 0.35719676397015543 0.41222704055686804 -2.5
197 0.226590007091938 0.49616290655700984 -2.5
198 0.07762627542179186 0.5399026046623268 -2.5
199 -0.07762627542179192 0.5399026046623268 -2.5
200 -0.22659000709193805 0.49616290655700984 -2.5
201 -0.3571967639701554 0.41222704055686804 -2.5
202 -0.4588655633624623 0.2948949913394169 -2.5
203 -0.5233598037897257 0.15367230373168908 -2.5
204 -0.5454545454545453 3.090293944171624E-16 -2.5
205 0.45454545454545436 0 -2.5
206 0.43613316982477135 0.1280602531097407 -2.5
207 0.38238796946871856 0.24574582611618062 -2.5
208 0.29766396997512945 0.34352253379739 -2.5
209 0.1888250059099483 0.41346908879750816 -2.5
210 0.06468856285149321 0.4499188372186056 -2.5
211 -0.06468856285149326 0.4499188372186056 -2.5
212 -0.18882500590994836 0.41346908879750816 -2.5
213 -0.2976639699751294 0.34352253379739 -2.5
214 -0.3823879694687185 0.2457458261161807 -2.5
215 -0.4361331698247713 0.1280602531097409 -2.5
216 -0.45454545454545436 2.5752449534763534E-16 -2.5
217 0.3636363636363634 0 -2.5
218 0.348906535859817 0.10244820248779254 -2.5
219 0.3059103755749748 0.19659666089294445 -2.5
220 0.23813117598010353 0.2748180270379119 -2.5
221 0.1510600047279586 0.33077527103800647 -2.5
222 0.051750850281194555 0.3599350697748844 -2.5
223 -0.051750850281194596 0.3599350697748844 -2.5
224 -0.15106000472795866 0.33077527103800647 -2.5
225 -0.2381311759801035 0.2748180270379119 -2.5
226 -0.30591037557497475 0.19659666089294453 -2.5
227 -0.34890653585981696 0.10244820248779268 -2.5
228 -0.3636363636363634 2.0601959627810824E-16 -2.5
229 0.2727272727272725 0 -2.5
230 0.2616799018948627 0.07683615186584439 -2.5
231 0.22943278168123105 0.1474474956697083 -2.5
232 0.1785983819850776 0.20611352027843388 -2.5
233 0.11329500354596893 0.24808145327850478 -2.5
234 0.03881313771089591 0.2699513023311632 -2.5
235 -0.03881313771089594 0.2699513023311632 -2.5
236 -0.11329500354596896 0.24808145327850478 -2.5
237 -0.17859838198507758 0.20611352027843388 -2.5
238 -0.229432781681231 0.14744749566970836 -2.5
239 -0.2616799018948627 0.0768361518658445 -2.5
240 -0.2727272727272725 1.5451469720858114E-16 -2.5
241 0.18181818181818157 0 -2.5
242 0.17445326792990837 0.05122410124389624 -2.5
243 0.1529551877874873 0.09829833044647215 -2.5
244 0.11906558799005168 0.13740901351895587 -2.5
245 0.07553000236397925 0.16538763551900312 -2.5
246 0.02587542514059726 0.17996753488744208 -2.5
247 -0.02587542514059728 0.17996753488744208 -2.5
248 -0.07553000236397928 0.16538763551900312 -2.5
249 -0.11906558799005165 0.13740901351895587 -2.5
250 -0.15295518778748726 0.0982983304464722 -2.5
251 -0.17445326792990837 0.05122410124389631 -2.5
252 -0.18181818181818157 1.0300979813905403E-16 -2.5
253 0.09090909090909066 0 -2.5
254 0.08722663396495407 0.02561205062194808 -2.5
255 0.07647759389374353 0.04914916522323601 -2.5
256 0.05953279399502576 0.06870450675947784 -2.5
257 0.037765001181989576 0.08269381775950144 -2.5
258 0.012937712570298611 0.08998376744372091 -2.5
259 -0.012937712570298621 0.08998376744372091 -2.5
260 -0.03776500118198958 0.08269381775950144 -2.5
261 -0.05953279399502574 0.06870450675947784 -2.5
262 -0.07647759389374353 0.04914916522323603 -2.5
263 -0.08722663396495406 0.02561205062194812 -2.5
264 -0.09090909090909066 5.150489906952695E-17 -2.5
231
1 1 2 14 13
2 2 3 15 14
3 3 4 16 15
4 4 5 17 16
5 5 6 18 17
6 6 7 19 18
7 7 8 20 19
8 8 9 21 20
9 9 10 22 21
10 10 11 23 22
11 11 12 24 23
12 13 14 26 25
13 14 15 27 26
14 15 16 28 27
15 16 17 29 28
16 17 18 30 29
17 18 19 31 30
18 19 20 32 31
19 20 21 33 32
20 21 22 34 33
21 22 23 35 34
22 23 24 36 35
23 25 26 38 37
24 26 27 39 38
25 27 28 40 39
26 28 29 41 40
27 29 30 42 41
28 30 31 43 42
29 31 32 44 43
30 32 33 45 44
31 33 34 46 45
32 34 35 47 46
33 35 36 48 47
34 37 38 50 49
35 38 39 51 50
36 39 40 52 51
37 40 41 53 52
38 41 42 54 53
39 42 43 55 54
40 43 44 56 55
41 44 45 57 56
42 45 46 58 57
43 46 47 59 58
44 47 48 60 59
45 49 50 62 61
46 50 51 63 62
47 51 52 64 63
48 52 53 65 64
49 53 54 66 65
50 54 55 67 66
51 55 56 68 67
52 56 57 69 68
53 57 58 70 69
54 58 59 71 70
55 59 60 72 71
56 61 62 74 73
57 62 63 75 74
58 63 64 76 75
59 64 65 77 76
60 65 66 78 77
61 66 67 79 78
62 67 68 80 79
63 68 69 81 80
64 69 70 82 81
65 70 71 83 82
66 71 72 84 83
67 73 74 86 85
68 74 75 87 86
69 75 76 88 87
70 76 77 89 88
71 77 78 90 89
72 78 79 91 90
73 79 80 92 91
74 80 81 93 92
75 81 82 94 93
76 82 83 95 94
77 83 84 96 95
78 85 86 98 97
79 86 87 99 98
80 87 88 100 99
81 88 89 101 100
82 89 90 102 101
83 90 91 103 102
84 91 92 104 103
85 92 93 105 104
86 93 94 106 105
87 94 95 107 106
88 95 96 108 107
89 97 98 110 109
90 98 99 111 110
91 99 100 112 111
92 100 101 113 112
93 101 102 114 113
94 102 103 115 114
95 103 104 116 115
96 104 105 117 116
97 105 106 118 117
98 106 107 119 118
99 107 108 120 119
100 109 110 122 121
101 110 111 123 122
102 111 112 124 123
103 112 113 125 124
104 113 114 126 125
105 114 115 127 126
106 115 116 128 127
107 116 117 129 128
108 117 118 130 129
109 118 119 131 130
110 119 120 132 131
111 121 122 134 133
112 122 123 135 134
113 123 124 136 135
114 124 125 137 136
115 125 126 138 137
116 126 127 139 138
117 127 128 140 139
118 128 129 141 140
119 129 130 142 141
120 130 131 143 142
121 131 132 144 143
122 133 134 146 145
123 134 135 147 146
124 135 136 148 147
125 136 137 149 148
126 137 138 150 149
127 138 139 151 150
128 139 140 152 151
129 140 141 153 152
130 141 142 154 153
131 142 143 155 154
132 143 144 156 155
133 145 146 158 157
134 146 147 159 158
135 147 148 160 159
136 148 149 161 160
137 149 150 162 161
138 150 151 163 162
139 151 152 164 163
140 152 153 165 164
141 153 154 166 165
142 154 155 167 166
143 155 156 168 167
144 157 158 170 169
145 158 159 171 170
146 159 160 172 171
147 160 161 173 172
148 161 162 174 173
149 162 163 175 174
150 163 164 176 175
151 164 165 177 176
152 165 166 178 177
153 166 167 179 178
154 167 168 180 179
155 169 170 182 181
156 170 171 183 182
157 171 172 184 183
158 172 173 185 184
159 173 174 186 185
160 174 175 187 186
161 175 176 188 187
162 176 177 189 188
163 177 178 190 189
164 178 179 191 190
165 179 180 192 191
166 181 182 194 193
167 182 183 195 194
168 183 184 196 195
169 184 185 197 196
170 185 186 198 197
171 186 187 199 198
172 187 188 200 199
173 188 189 201 200
174 189 190 202 201
175 190 191 203 202
176 191 192 204 203
177 193 194 206 205
178 194 195 207 206
179 195 196 208 207
180 196 197 209 208
181 197 198 210 209
182 198 199 211 210
183 199 200 212 211
184 200 201 213 212
185 201 202 214 213
186 202 203 215 214
187 203 204 216 215
188 205 206 218 217
189 206 207 219 218
190 207 208 220 219
191 208 209 221 220
192 209 210 222 221
193 210 211 223 222
194 211 212 224 223
195 212 213 225 224
196 213 214 226 225
197 214 215 227 226
198 215 216 228 227
199 217 218 230 229
200 218 219 231 230
201 219 220 232 231
202 220 221 233 232
203 221 222 234 233
204 222 223 235 234
205 223 224 236 235
206 224 225 237 236
207 225 226 238 237
208 226 227 239 238
209 227 228 240 239
210 229 230 242 241
211 230 231 243 242
212 231 232 244 243
213 232 233 245 244
214 233 234 246 245
215 234 235 247 246
216 235 236 248 247
217 236 237 249 248
218 237 238 250 249
219 238 239 251 250
220 239 240 252 251
221 241 242 254 253
222 242 243 255 254
223 243 244 256 255
224 244 245 257 256
225 245 246 258 257
226 246 247 259 258
227 247 248 260 259
228 248 249 261 260
229 249 250 262 261
230 250 251 263 262
231 251 252 264 263
