  
  we(n-d) =  0.670990903263791          period(nd) =   3.00001046204165     
  
  added mass
          1.41          0.00         -0.00         -0.00         -0.00         -0.00
          0.00          1.42          0.00          0.00          0.00         -0.00
         -0.00         -0.00          1.35         -0.00         -0.00          0.00
          0.00          0.00         -0.00          0.00         -0.00         -0.00
         -0.00         -0.00         -0.00          0.00          0.00          0.00
         -0.00         -0.00          0.00         -0.00         -0.00          0.00
  
  damping
          0.35          0.00          0.00          0.00         -0.00         -0.00
         -0.00          0.35         -0.00          0.00          0.00         -0.00
         -0.00          0.00          1.55         -0.00         -0.00          0.00
          0.00          0.00          0.00          0.00         -0.00         -0.00
         -0.00         -0.00         -0.00          0.00          0.00          0.00
         -0.00         -0.00         -0.00         -0.00         -0.00          0.00
