 	NONDIMENSIONAL EXCITING FORCE AMPLITUDES
 
 
 HEADIN =   180.000000000000       DEG.
 
  0.0500 10.0989  0.1936E+00   90.4  0.2315E-07  119.4  0.5338E+00   -0.4  0.1958E-06  176.5  0.1492E+00  -89.6  0.3323E-16  -33.5
  0.1000  5.1468  0.3787E+00   91.6  0.1392E-06   13.8  0.4893E+00   -1.7  0.1823E-06  174.7  0.2896E+00  -88.4  0.3651E-16  -42.5
  0.1500  3.5347  0.5418E+00   93.6  0.1287E-06  160.0  0.4307E+00   -3.7  0.2422E-06  170.5  0.4090E+00  -86.4  0.2584E-17   11.3
  0.2000  2.7529  0.6725E+00   96.3  0.7482E-07  143.0  0.3675E+00   -6.3  0.1397E-07   98.1  0.4988E+00  -83.7  0.2085E-16   93.4
  0.2500  2.2992  0.7624E+00   99.5  0.9391E-07   39.9  0.3064E+00   -9.4  0.7668E-07  145.9  0.5535E+00  -80.5  0.9260E-16  -76.5
  0.3000  2.0061  0.8094E+00  102.8  0.1803E-06  154.7  0.2514E+00  -12.9  0.5389E-07   92.2  0.5731E+00  -77.2  0.4432E-16   -8.0
  0.3500  1.8022  0.8173E+00  105.9  0.2142E-06  164.6  0.2040E+00  -16.8  0.2652E-06   12.9  0.5628E+00  -74.1  0.1010E-15  -99.4
  0.4000  1.6523  0.7949E+00  108.3  0.1144E-06  158.5  0.1644E+00  -20.9  0.1129E-06    7.2  0.5311E+00  -71.7  0.1107E-15  -52.8
