 
 HEADIN =   180.000000000000       DEG.
 
      0.0500     10.0989        0.0947        0.0000        0.0084        0.0000        0.0738        0.0000
      0.1000      5.1468        0.1888        0.0000        0.0248        0.0000        0.1459        0.0000
      0.1500      3.5347        0.2749        0.0000        0.0425        0.0000        0.2097        0.0000
      0.2000      2.7529        0.3464        0.0000        0.0577        0.0000        0.2595        0.0000
      0.2500      2.2992        0.3963        0.0000        0.0685        0.0000        0.2903        0.0000
      0.3000      2.0061        0.4208        0.0000        0.0746        0.0000        0.3005        0.0000
      0.3500      1.8022        0.4207        0.0000        0.0764        0.0000        0.2921        0.0000
      0.4000      1.6523        0.4003        0.0000        0.0750        0.0000        0.2696        0.0000
