 
 HEADIN =   180.000000000000       DEG.
 
      0.0500     10.0989        0.0989        0.0000        0.5411        0.0000        0.0754        0.0000
      0.1000      5.1468        0.1901        0.0000        0.5090        0.0000        0.1438        0.0000
      0.1500      3.5347        0.2680        0.0000        0.4617        0.0000        0.2002        0.0000
      0.2000      2.7529        0.3300        0.0000        0.4063        0.0000        0.2422        0.0000
      0.2500      2.2992        0.3762        0.0000        0.3489        0.0000        0.2704        0.0000
      0.3000      2.0061        0.4087        0.0000        0.2939        0.0000        0.2865        0.0000
      0.3500      1.8022        0.4297        0.0000        0.2441        0.0000        0.2931        0.0000
      0.4000      1.6523        0.4419        0.0000        0.2005        0.0000        0.2925        0.0000
