  NONDIMENSIONAL HYDRODYNAMIC FORCE AMPLITUDES
 
 
 HEADING =   180.000000000000       DEG.
 
  0.0500 10.0989  0.9420E-01  -89.2  0.9110E-08  -72.0  0.1986E-01   11.5  0.1067E-07  -74.7  0.7323E-01   90.8  0.1566E-16  -89.3
  0.1000  5.1468  0.1840E+00  -86.7  0.8285E-07 -167.7  0.7878E-01   11.7  0.6032E-07 -168.8  0.1408E+00   93.3  0.2815E-16   97.4
  0.1500  3.5347  0.2589E+00  -82.6  0.4103E-07  -24.0  0.2189E+00   12.6  0.4533E-07  -69.7  0.1930E+00   97.5  0.6663E-17   93.5
  0.2000  2.7529  0.3103E+00  -76.9  0.4344E-07  -67.1  0.8772E+00   26.4  0.2328E-06  120.7  0.2223E+00  103.5  0.1374E-16  134.6
  0.2500  2.2992  0.3304E+00  -69.7  0.6121E-07 -129.9  0.7246E+00  159.4  0.5422E-08 -160.4  0.2232E+00  111.7  0.2810E-16  136.5
  0.3000  2.0061  0.3155E+00  -61.0  0.1258E-06    8.8  0.2919E+00  166.0  0.1164E-06   25.9  0.1949E+00  123.1  0.3859E-16   49.6
  0.3500  1.8022  0.2663E+00  -50.6  0.3292E-06   18.5  0.1780E+00  163.9  0.2948E-06   18.1  0.1423E+00  141.5  0.5207E-16 -172.3
  0.4000  1.6523  0.1866E+00  -36.5  0.2111E-06   16.4  0.1228E+00  160.1  0.2052E-06   14.8  0.8776E-01 -174.3  0.1579E-15  137.2
