  		NONDIMENSIONAL MOTIONS AMPLITUDES
 
 
 HEADING =   180.000000000000       DEG.
 
  0.0500 10.0989  0.5037E+01  -90.0  0.7261E-06  -53.4  0.1039E+01   -0.0  0.2540E-06  179.5  0.1002E+00  -90.0  0.4458E-14  129.4
  0.1000  5.1468  0.2565E+01  -90.0  0.7428E-06 -163.9  0.1188E+01    0.1  0.3234E-06  178.8  0.2000E+00  -90.0  0.6180E-15 -172.1
  0.1500  3.5347  0.1763E+01  -89.8  0.5453E-06  -18.0  0.1645E+01    1.7  0.3086E-06 -179.3  0.2999E+00  -89.8  0.9264E-16 -106.5
  0.2000  2.7529  0.1378E+01  -89.4  0.1624E-06   -6.7  0.4193E+01   16.9  0.3527E-06  119.5  0.4013E+00  -89.4  0.2445E-15  -70.4
  0.2500  2.2992  0.1161E+01  -88.5  0.9289E-07 -157.9  0.2494E+01  151.4  0.1197E-06  149.1  0.5069E+00  -88.5  0.3714E-15   91.0
  0.3000  2.0061  0.1027E+01  -87.0  0.2077E-06  -68.1  0.7798E+00  159.6  0.2296E-06   45.5  0.6204E+00  -87.0  0.2907E-15 -161.4
  0.3500  1.8022  0.9406E+00  -84.6  0.3116E-06 -123.2  0.3877E+00  158.8  0.9195E-06   15.6  0.7474E+00  -84.6  0.4083E-15   57.5
  0.4000  1.6523  0.8833E+00  -81.2  0.1896E-06 -133.4  0.2255E+00  156.3  0.5482E-06   12.1  0.8965E+00  -81.2  0.1425E-15  -21.2
