  
  we(n-d) =  5.000000138484811E-002     period(nd) =   10.0988636331493     
  
  added mass
          0.69          0.00          0.00         -0.00         -0.27         -0.00
         -0.00          0.69         -0.00          0.27         -0.00         -0.00
          0.00          0.00          0.68          0.00         -0.00         -0.00
         -0.00          0.27         -0.00          0.13         -0.00         -0.00
         -0.27          0.00          0.00          0.00          0.13          0.00
          0.00          0.00          0.00          0.00          0.00          0.00
  
  damping
          0.01          0.00         -0.00          0.00         -0.00          0.00
          0.00          0.01          0.00          0.00         -0.00         -0.00
          0.00         -0.00          0.09          0.00         -0.00         -0.00
          0.00          0.00         -0.00          0.00          0.00         -0.00
         -0.00         -0.00          0.00         -0.00          0.00          0.00
         -0.00         -0.00          0.00          0.00         -0.00         -0.00
  
  we(n-d) =  0.100000002769696          period(nd) =   5.14684753052913     
  
  added mass
          0.71         -0.00          0.00          0.00         -0.28         -0.00
          0.00          0.71         -0.00          0.28          0.00         -0.00
         -0.00         -0.00          0.61         -0.00         -0.00          0.00
          0.00          0.28          0.00          0.13          0.00         -0.00
         -0.28          0.00         -0.00         -0.00          0.13          0.00
         -0.00          0.00          0.00         -0.00          0.00          0.00
  
  damping
          0.05          0.00         -0.00          0.00         -0.02          0.00
         -0.00          0.05          0.00          0.02         -0.00         -0.00
          0.00          0.00          0.15         -0.00         -0.00          0.00
          0.00          0.02          0.00          0.01         -0.00         -0.00
         -0.02         -0.00          0.00         -0.00          0.01         -0.00
         -0.00          0.00          0.00         -0.00         -0.00          0.00
  
  we(n-d) =  0.150000004202291          period(nd) =   3.53468827998562     
  
  added mass
          0.74          0.00         -0.00         -0.00         -0.29          0.00
         -0.00          0.74         -0.00          0.29          0.00          0.00
          0.00         -0.00          0.58          0.00          0.00          0.00
         -0.00          0.29         -0.00          0.13          0.00          0.00
         -0.29         -0.00          0.00          0.00          0.13         -0.00
         -0.00          0.00         -0.00         -0.00          0.00          0.00
  
  damping
          0.17          0.00          0.00         -0.00         -0.06          0.00
         -0.00          0.17          0.00          0.06         -0.00          0.00
          0.00         -0.00          0.20         -0.00         -0.00          0.00
         -0.00          0.06         -0.00          0.02         -0.00          0.00
         -0.06         -0.00          0.00          0.00          0.02         -0.00
          0.00         -0.00         -0.00         -0.00         -0.00          0.00
  
  we(n-d) =  0.200000005564857          period(nd) =   2.75291545212587     
  
  added mass
          0.76          0.00          0.00         -0.00         -0.29         -0.00
         -0.00          0.76         -0.00          0.29          0.00         -0.00
          0.00          0.00          0.55          0.00          0.00         -0.00
         -0.00          0.29         -0.00          0.13          0.00         -0.00
         -0.29         -0.00         -0.00          0.00          0.13         -0.00
         -0.00         -0.00          0.00         -0.00          0.00          0.00
  
  damping
          0.38          0.00          0.00         -0.00         -0.14         -0.00
         -0.00          0.38         -0.00          0.14          0.00         -0.00
         -0.00          0.00          0.21          0.00          0.00         -0.00
         -0.00          0.14          0.00          0.05          0.00         -0.00
         -0.14         -0.00          0.00          0.00          0.05          0.00
         -0.00          0.00          0.00         -0.00         -0.00          0.00
  
  we(n-d) =  0.250000006964029          period(nd) =   2.29917554026478     
  
  added mass
          0.75          0.00          0.00         -0.00         -0.28         -0.00
          0.00          0.75         -0.00          0.28         -0.00         -0.00
         -0.00          0.00          0.54          0.00          0.00         -0.00
          0.00          0.28         -0.00          0.13          0.00         -0.00
         -0.28         -0.00         -0.00          0.00          0.13          0.00
         -0.00         -0.00          0.00          0.00          0.00          0.00
  
  damping
          0.69         -0.00         -0.00         -0.00         -0.25         -0.00
          0.00          0.69          0.00          0.25         -0.00         -0.00
         -0.00          0.00          0.21          0.00          0.00         -0.00
          0.00          0.25         -0.00          0.09          0.00         -0.00
         -0.25          0.00          0.00          0.00          0.09          0.00
         -0.00         -0.00          0.00          0.00         -0.00          0.00
  
  we(n-d) =  0.300000008347286          period(nd) =   2.00608916557622     
  
  added mass
          0.71         -0.00          0.00          0.00         -0.27          0.00
          0.00          0.71         -0.00          0.27         -0.00         -0.00
          0.00          0.00          0.53         -0.00          0.00         -0.00
          0.00          0.27          0.00          0.12         -0.00         -0.00
         -0.27         -0.00          0.00         -0.00          0.12         -0.00
         -0.00         -0.00         -0.00          0.00         -0.00          0.00
  
  damping
          1.05         -0.00         -0.00          0.00         -0.37          0.00
          0.00          1.05         -0.00          0.37         -0.00         -0.00
          0.00         -0.00          0.19         -0.00          0.00         -0.00
          0.00          0.37         -0.00          0.13         -0.00         -0.00
         -0.37         -0.00         -0.00         -0.00          0.13         -0.00
          0.00         -0.00          0.00         -0.00         -0.00          0.00
  
  we(n-d) =  0.350000009749641          period(nd) =   1.80223747245111     
  
  added mass
          0.65          0.00         -0.00          0.00         -0.24          0.00
          0.00          0.65         -0.00          0.24         -0.00         -0.00
         -0.00          0.00          0.53          0.00         -0.00         -0.00
         -0.00          0.24          0.00          0.11         -0.00         -0.00
         -0.24         -0.00         -0.00         -0.00          0.11         -0.00
         -0.00         -0.00          0.00         -0.00          0.00          0.00
  
  damping
          1.40          0.00         -0.00          0.00         -0.48          0.00
          0.00          1.40          0.00          0.48         -0.00         -0.00
          0.00         -0.00          0.16         -0.00          0.00         -0.00
          0.00          0.48          0.00          0.17         -0.00         -0.00
         -0.48         -0.00          0.00         -0.00          0.17         -0.00
         -0.00         -0.00         -0.00         -0.00          0.00          0.00
  
  we(n-d) =  0.400000011129715          period(nd) =   1.65229107592421     
  
  added mass
          0.58          0.00          0.00         -0.00         -0.21         -0.00
         -0.00          0.58         -0.00          0.21          0.00         -0.00
         -0.00          0.00          0.53          0.00          0.00          0.00
         -0.00          0.21         -0.00          0.10          0.00          0.00
         -0.21         -0.00         -0.00          0.00          0.10          0.00
         -0.00          0.00          0.00         -0.00         -0.00          0.00
  
  damping
          1.69         -0.00          0.00          0.00         -0.56         -0.00
         -0.00          1.69         -0.00          0.56          0.00         -0.00
         -0.00         -0.00          0.13          0.00         -0.00          0.00
         -0.00          0.56         -0.00          0.19          0.00         -0.00
         -0.56          0.00         -0.00          0.00          0.19          0.00
         -0.00          0.00         -0.00         -0.00         -0.00          0.00
